
--------------------------------------------
|  Semantics for the continuous variables  |
--------------------------------------------
Fuzzy sets parameters for variable numeric1:
	Label 0: -3.4028235E38 0.0 0.4997695
	Label 1: 0.0 0.4997695 0.9995355
	Label 2: 0.4997695 0.9995355 3.4028235E38
Fuzzy sets parameters for variable numeric2:
	Label 0: -3.4028235E38 3.141081E-4 0.49988106
	Label 1: 3.141081E-4 0.49988106 0.999448
	Label 2: 0.49988106 0.999448 3.4028235E38
Fuzzy sets parameters for variable numeric3:
	Label 0: -3.4028235E38 0.0 0.50003415
	Label 1: 0.0 0.50003415 0.99998754
	Label 2: 0.50003415 0.99998754 3.4028235E38
Fuzzy sets parameters for variable numeric4:
	Label 0: -3.4028235E38 1.4955086E-4 0.49979296
	Label 1: 1.4955086E-4 0.49979296 0.9994364
	Label 2: 0.49979296 0.9994364 3.4028235E38
Fuzzy sets parameters for variable numeric5:
	Label 0: -3.4028235E38 0.0 0.4998865
	Label 1: 0.0 0.4998865 0.99976414
	Label 2: 0.4998865 0.99976414 3.4028235E38
Fuzzy sets parameters for variable numeric6:
	Label 0: -3.4028235E38 0.0 0.4999396
	Label 1: 0.0 0.4999396 0.9998039
	Label 2: 0.4999396 0.9998039 3.4028235E38
Fuzzy sets parameters for variable numeric7:
	Label 0: -3.4028235E38 2.4426196E-4 0.49984246
	Label 1: 2.4426196E-4 0.49984246 0.99944067
	Label 2: 0.49984246 0.99944067 3.4028235E38
Fuzzy sets parameters for variable numeric8:
	Label 0: -3.4028235E38 1.5519765E-4 0.49997792
	Label 1: 1.5519765E-4 0.49997792 0.9998006
	Label 2: 0.49997792 0.9998006 3.4028235E38
Fuzzy sets parameters for variable numeric9:
	Label 0: -3.4028235E38 0.0 0.4999052
	Label 1: 0.0 0.4999052 0.99977034
	Label 2: 0.4999052 0.99977034 3.4028235E38
Fuzzy sets parameters for variable numeric10:
	Label 0: -3.4028235E38 5.256035E-4 0.50012064
	Label 1: 5.256035E-4 0.50012064 0.99971575
	Label 2: 0.50012064 0.99971575 3.4028235E38
